scale_force: 1.0
scale_torque: 0.0
fx:
  offset: -0.362010224436181915
  vx: -0.124585278899673232
  vx_sqr: -0.004615275932448305
  vx*m_mean: -0.000000071757163340
fy:
  offset: -0.362010224436181915
  vy: -0.124585278899673232
  vy_sqr: -0.004615275932448305
  vy*m_mean: -0.000000071757163340
fz:
  offset: -0.006601485117006525
  vhor: -0.056482770027911612
  vz: -0.265600627495975128
  m_mean: -0.000000633002015018
  vhor*m_mean: 0.000000109263571672
  vhor_sqr: -0.019459747919943655
  vhor*vz*m_mean: -0.000000005853273703
  vz_cub: -0.005059319231200117
tx:
  offset: 2.235336287615611539
  vy: 21.348197756641813072
  vy*m_mean: 0.000000687855428618
ty:
  offset: -6.833484550927690471
  vx: -37.052866989659605679
  vx*m_mean: -0.000001823163688109
tz:
  offset: 0.136582489526211132
  vx: -0.191908971644329462
  vy: 0.112299962331560352
